0.0000 145.4691 46.2748 93.8817 579.9482 422.3527 772.5369 268.5730 697.6673 287.3161 184.5615 123.5649 1419.6057 180.6973 229.2441 291.1535 749.7006
145.4691 0.0000 90.7451 415.2418 190.5891 93.7744 359.2292 102.2277 245.8514 42.5296 34.9590 149.6598 737.8318 596.3910 15.3600 80.8612 299.6655
46.2748 90.7451 0.0000 170.9339 444.3182 303.7869 521.7717 141.2618 513.8177 213.8513 91.5487 48.1425 1143.7893 258.8777 156.2601 140.0795 533.2332
93.8817 415.2418 170.9339 0.0000 1098.8953 870.2120 1268.0986 600.5657 1232.0808 665.9150 463.8370 322.1422 2161.8530 60.9726 569.5184 610.9046 1243.8935
579.9482 190.5891 444.3182 1098.8953 0.0000 33.9631 131.4487 171.0050 19.6891 65.1195 159.7181 377.1987 195.4007 1298.7295 100.6039 136.0873 103.5512
422.3527 93.7744 303.7869 870.2120 33.9631 0.0000 160.6888 88.6051 55.0586 36.3712 101.6712 272.8292 329.4708 1053.0288 39.8614 81.5284 127.3947
772.5369 359.2292 521.7717 1268.0986 131.4487 160.6888 0.0000 175.5659 72.2754 236.6504 231.1804 388.0318 209.1918 1358.3650 263.9224 126.0354 46.3689
268.5730 102.2277 141.2618 600.5657 171.0050 88.6051 175.5659 0.0000 194.2691 118.5215 73.9111 74.2727 572.5675 670.4475 89.1011 31.8211 229.3386
697.6673 245.8514 513.8177 1232.0808 19.6891 55.0586 72.2754 194.2691 0.0000 108.6950 191.3722 441.0460 141.6708 1422.7904 146.2790 139.7936 41.1917
287.3161 42.5296 213.8513 665.9150 65.1195 36.3712 236.6504 118.5215 108.6950 0.0000 43.3608 227.8134 474.3750 859.8834 9.1868 77.3310 169.7833
184.5615 34.9590 91.5487 463.8370 159.7181 101.6712 231.1804 73.9111 191.3722 43.3608 0.0000 106.4998 641.9550 597.7950 32.8300 26.7238 201.6289
123.5649 149.6598 48.1425 322.1422 377.1987 272.8292 388.0318 74.2727 441.0460 227.8134 106.4998 0.0000 967.0332 346.2480 182.8478 108.5612 471.2107
1419.6057 737.8318 1143.7893 2161.8530 195.4007 329.4708 209.1918 572.5675 141.6708 474.3750 641.9550 967.0332 0.0000 2386.5756 553.5762 513.1272 221.1587
180.6973 596.3910 258.8777 60.9726 1298.7295 1053.0288 1358.3650 670.4475 1422.7904 859.8834 597.7950 346.2480 2386.5756 0.0000 756.0942 721.4184 1391.7475
229.2441 15.3600 156.2601 569.5184 100.6039 39.8614 263.9224 89.1011 146.2790 9.1868 32.8300 182.8478 553.5762 756.0942 0.0000 62.7194 206.7151
291.1535 80.8612 140.0795 610.9046 136.0873 81.5284 126.0354 31.8211 139.7936 77.3310 26.7238 108.5612 513.1272 721.4184 62.7194 0.0000 141.6907
749.7006 299.6655 533.2332 1243.8935 103.5512 127.3947 46.3689 229.3386 41.1917 169.7833 201.6289 471.2107 221.1587 1391.7475 206.7151 141.6907 0.0000
